1,2022-01-24,2022-01-25,2,0,2,1
2,2022-03-07,2022-03-24,1,0,2,6
3,2022-02-26,2022-02-27,2,1,2,1
4,2022-02-27,2022-03-20,3,0,4,2
5,2022-03-21,2022-04-03,1,2,4,7
6,2022-01-03,2022-01-30,3,0,5,3
7,2022-02-25,2022-03-06,2,2,5,3
8,2022-03-19,2022-03-26,1,0,12,3
9,2022-01-11,2022-01-31,5,0,13,4
10,2022-03-09,2022-03-23,4,2,14,4
11,2022-02-14,2022-02-24,6,2,15,4
12,2022-02-11,2022-03-18,2,0,15,5
13,2022-01-16,2022-01-25,1,2,16,5
14,2022-01-02,2022-01-03,3,0,18,8
15,2022-02-06,2022-04-03,2,2,18,8
16,2022-01-31,2022-02-17,2,0,19,9
17,2022-02-17,2022-03-30,1,0,20,9
18,2022-01-27,2022-01-31,5,0,23,10
19,2022-03-15,2022-03-18,3,1,24,10
